w	cs	acs
720	119.743510393684	35.9230531181053
722	120.831278624	36.2493835872
724	121.240764064	36.3722292192
726	123.974545642316	37.1923636926947
728	122.996847346947	36.8990542040842
730	120.907186780211	36.2721560340632
732	117.038968894105	35.1116906682316
734	117.816214119579	35.3448642358737
736	115.281932355579	34.5845797066737
738	113.149323480421	33.9447970441263
740	110.327313953684	33.0981941861053
742	110.491957770526	33.1475873311579
744	105.476507156632	31.6429521469895
746	102.626511289474	30.7879533868421
748	100.714985178316	30.2144955534947
750	97.620966244421	29.2862898733263
752	99.2703885172632	29.7811165551789
754	97.9506579755789	29.3851973926737
756	96.4973887610526	28.9492166283158
758	94.0548267621053	28.2164480286316
760	93.5305880010526	28.0591764003158
762	93.8922863244211	28.1676858973263
764	88.8295563061053	26.6488668918316
766	81.6231617202105	24.4869485160632
768	78.0160011635789	23.4048003490737
770	80.7596261418948	24.2278878425684
772	78.0210782856842	23.4063234857053
774	65.3023382538947	19.5907014761684
776	61.6182023092632	18.4854606927789
778	59.3504072869474	17.8051221860842
780	58.9939207848421	17.6981762354526
782	58.000234735579	17.4000704206737
784	54.0008095082105	16.2002428524632
786	51.5063261646316	15.4518978493895
788	47.8845144842105	14.3653543452632
790	45.5079757955789	13.6523927386737
790	45.4940188905263	13.6482056671579
792	55.07616548	16.522849644
794	52.58172332	15.774516996
796	50.87476562	15.262429686
798	48.00834262	14.402502786
800	45.26882472	13.580647416
802	42.73588116	12.820764348
804	39.62206486	11.886619458
806	36.56230004	10.968690012
808	30.86565034	9.259695102
810	27.11363284	8.134089852
812	25.41636902	7.624910706
814	21.66760358	6.500281074
816	17.86846236	5.360538708
818	17.23432312	5.170296936
820	13.54100468	4.062301404
822	12.67164556	3.801493668
824	10.1290455	3.03871365
826	10.3656609	3.10969827
828	9.1030891	2.73092673
830	8.77527896	2.632583688
832	7.33865342	2.201596026
834	7.08866844	2.126600532
836	6.70693142	2.012079426
838	6.46832242	1.940496726
840	5.759012	1.7277036
842	5.45120016	1.635360048
844	5.0595699	1.51787097
846	4.97393232	1.492179696
848	4.41820386	1.325461158
850	4.42810956	1.328432868
852	4.59268124	1.377804372
854	5.0208193	1.50624579
856	4.35303806	1.305911418
858	4.28015952	1.284047856
860	4.04112688	1.212338064
862	3.79708532	1.139125596
864	3.98255242	1.194765726
866	3.82242896	1.146728688
868	3.93347248	1.180041744
870	3.73903418	1.121710254
872	4.15334164	1.246002492
874	4.29225818	1.287677454
876	4.25432994	1.276298982
878	4.34191128	1.302573384
880	4.58737328	1.376211984
882	4.6166169	1.38498507
884	4.23132878	1.269398634
886	4.33549438	1.300648314
888	4.1588365	1.24765095
890	4.37502996	1.312508988
892	5.49252998	1.647758994
894	5.39078162	1.617234486
896	5.6195846	1.68587538
898	5.49624306	1.648872918
900	5.12153348	1.536460044
902	4.4414293	1.33242879
904	4.57757972	1.373273916
906	4.26411104	1.279233312
908	4.21314964	1.263944892
910	4.0548578	1.21645734
912	3.7976211	1.13928633
914	3.878798	1.1636394
916	3.880044	1.1640132
918	3.95322158	1.185966474
920	4.15245698	1.245737094
922	4.16958948	1.250876844
924	4.5725085	1.37175255
926	4.59822594	1.379467782
928	4.81997656	1.445992968
930	4.831988	1.4495964
932	4.87078844	1.461236532
934	5.16944218	1.550832654
936	5.3613511	1.60840533
938	5.45824006	1.637472018
940	5.6271852	1.68815556
942	5.75412768	1.726238304
944	5.74118174	1.722354522
946	6.06479286	1.819437858
948	6.1358647	1.84075941
950	6.28238184	1.884714552
952	6.5473562	1.96420686
954	6.5518418	1.96555254
956	6.86917308	2.060751924
958	6.95919658	2.087758974
960	7.32214392	2.196643176
962	7.30401462	2.191204386
964	7.85703926	2.357111778
966	7.94738672	2.384216016
968	8.41264312	2.523792936
970	8.77934092	2.633802276
972	9.02252274	2.706756822
974	9.45559496	2.836678488
976	9.83584924	2.950754772
978	9.97654756	2.992964268
980	10.4056575	3.12169725
982	11.11081874	3.333245622
984	11.15229808	3.345689424
986	11.31578574	3.394735722
988	11.80019316	3.540057948
990	12.11053438	3.633160314
992	12.297397	3.6892191
994	12.59970152	3.779910456
996	12.94921698	3.884765094
998	13.5793441	4.07380323
1000	13.64347572	4.093042716
1002	13.2769399	3.98308197
1004	14.481635	4.3444905
1006	14.9197286	4.47591858
1008	15.31512178	4.594536534
1010	15.80908602	4.742725806
1012	16.43825372	4.931476116
1014	16.8059234	5.04177702
1016	17.5812469	5.27437407
1018	18.20986636	5.462959908
1020	19.08229064	5.724687192
1022	19.58592384	5.875777152
1024	20.1145518	6.03436554
1026	20.74859136	6.224577408
1028	22.623622	6.7870866
1030	23.03083972	6.909251916
1032	23.64779662	7.094338986
1034	23.98733162	7.196199486
1036	24.6470014	7.39410042
1038	25.5309761	7.65929283
1040	27.0117225	8.10351675
1042	27.93331394	8.379994182
1044	29.51398954	8.854196862
1046	30.90722936	9.272168808
1048	31.77435814	9.532307442
1050	31.81786846	9.545360538
1052	33.3949805	10.01849415
1054	34.86162218	10.458486654
1056	35.58944816	10.676834448
1058	36.93347098	11.080041294
1060	36.63718464	10.991155392
1062	37.83826634	11.351479902
1064	38.7307263	11.61921789
1066	40.03935026	12.011805078
1068	40.1070579	12.03211737
1070	40.79922336	12.239767008
1072	41.73972908	12.521918724
1074	43.76353212	13.129059636
1076	41.76920944	12.530762832
1078	44.07769856	13.223309568
1080	43.66602016	13.099806048
1082	43.97971312	13.193913936
1084	43.21759722	12.965279166
1086	44.02712342	13.208137026
1088	41.7468562	12.52405686
1090	40.57186574	12.171559722
1092	39.00479646	11.701438938
1094	39.29557548	11.788672644
1096	40.186615	12.0559845
1098	38.35392344	11.506177032
1100	38.12733834	11.438201502
1102	37.4159471	11.22478413
1104	36.99506076	11.098518228
1106	35.99242948	10.797728844
1108	35.5155479	10.65466437
1110	34.95558304	10.486674912
1112	34.94907892	10.484723676
1114	32.874464	9.8623392
1116	34.9894867	10.49684601
1118	33.90728586	10.172185758
1120	32.22863728	9.668591184
1122	32.01211986	9.603635958
1124	31.67733212	9.503199636
1126	32.06990934	9.620972802
1128	31.4094795	9.42284385
1130	30.55539634	9.166618902
1132	31.1931116	9.35793348
1134	30.47608844	9.142826532
1136	30.88358028	9.265074084
1138	30.6230043	9.18690129
1140	30.48300374	9.144901122
1142	30.92570754	9.277712262
1144	29.93729312	8.981187936
1146	30.2250942	9.06752826
1148	30.36019798	9.108059394
1150	30.54860564	9.164581692
1152	30.01449528	9.004348584
1154	30.3095107	9.09285321
1156	30.66756126	9.200268378
1158	29.8257512	8.94772536
1160	29.63988538	8.891965614
1162	29.7011512	8.91034536
1164	28.87999982	8.663999946
1166	28.44671578	8.534014734
1168	27.178998	8.1536994
1170	26.15812528	7.847437584
1172	25.728031	7.7184093
1174	24.48179426	7.344538278
1176	23.6993561	7.10980683
1178	22.54258216	6.762774648
1180	21.25530218	6.376590654
1182	20.38376256	6.115128768
1184	19.26925294	5.780775882
1186	18.47168834	5.541506502
1188	17.2643268	5.17929804
1190	16.21368714	4.864106142
1192	15.38078598	4.614235794
1194	14.27570858	4.282712574
1196	13.38961568	4.016884704
1198	12.65546002	3.796638006
1200	11.60976698	3.482930094
1202	10.8300451	3.24901353
1204	9.85665744	2.956997232
1206	9.03814758	2.711444274
1208	8.12278614	2.436835842
1210	7.38643752	2.215931256
1212	6.69722508	2.009167524
1214	5.89752982	1.769258946
1216	5.31303122	1.593909366
1218	4.76182574	1.428547722
1220	4.18168814	1.254506442
1222	3.6928948	1.10786844
1224	3.34741638	1.004224914
1226	2.92489778	0.877469334
1228	2.65550012	0.796650036
1230	2.3597371	0.70792113
1232	2.12048018	0.636144054
1234	1.9040126	0.57120378
1236	1.72967228	0.518901684
1238	1.54657258	0.463971774
1240	1.35330552	0.405991656
1242	1.22981446	0.368944338
1244	1.0828363	0.32485089
1246	0.95788742	0.287366226
1248	0.84948542	0.254845626
1250	0.75562424	0.226687272
1252	0.67239144	0.201717432
1254	0.59214904	0.177644712
1256	0.52783052	0.158349156
1258	0.45867752	0.137603256
1260	0.41281226	0.123843678
1262	0.355733	0.1067199
1264	0.3219041	0.09657123
1266	0.29937642	0.089812926
1268	0.25151756	0.075455268
1270	0.21514682	0.064544046
1272	0.19357856	0.058073568
1274	0.17553648	0.052660944
1276	0.14973182	0.044919546
1278	0.13476736	0.040430208
1280	0.1184946	0.03554838
1282	0.10107552	0.030322656
1284	0.1163764	0.03491292
1286	0.0804916	0.02414748
1288	0.0782488	0.02347464
1290	0.06882904	0.020648712
1292	0.062923	0.0188769
1294	0.05464956	0.016394868
1296	0.04974032	0.014922096
1298	0.04575312	0.013725936
1300	0.0414295	0.01242885
1302	0.03504998	0.010514994
1304	0.03098802	0.009296406
1306	0.02898196	0.008694588
1308	0.02450882	0.007352646
1310	0.0200606	0.00601818
1312	0.01920086	0.005760258
1314	0.01834112	0.005502336
1316	0.01624784	0.004874352
1318	0.01243508	0.003730524
1320	0.01194914	0.003584742
1322	0.01091496	0.003274488
1322	0.00469742	0.001409226
1324	0.0044233	0.00132699
1324	0.00979356	0.002938068
1326	0.00599326	0.001797978
1326	0.01029196	0.003087588
1328	0.00689038	0.002067114
1328	3.29767606E-4	9.89302818E-5
1330	0.00551978	0.001655934
1330	0.0046725	0.00140175
1332	0.00519582	0.001558746
1332	0.0048594	0.00145782
1334	0.00664118	0.001992354
1334	0.00458528	0.001375584
1336	0.00615524	0.001846572
1336	0.00646674	0.001940022
1338	0.00596834	0.001790502
1338	0.00358848	0.001076544
1340	0.00624246	0.001872738
1340	0.00402458	0.001207374
1342	0.00475972	0.001427916
1342	0.00618016	0.001854048
1344	0.00731402	0.002194206
1344	0.00449806	0.001349418
1346	0.00789964	0.002369892
1346	0.00345142	0.001035426
1348	0.00289072	8.67216E-4
1348	0.00346388	0.001039164
1350	0.00475972	0.001427916
1350	0.00804916	0.002414748
1352	7.99407434E-4	2.398222302E-4
1352	0.00913318	0.002739954
1354	0.01039164	0.003117492
1354	0.02943052	0.008829156
1356	0.00895874	0.002687622
1356	4.13091364E-4	1.239274092E-4
1358	0.0105287	0.00315861
1358	0.00247954	7.43862E-4
1360	0.01687084	0.005061252
1360	0.00960666	0.002881998
1362	0.00966896	0.002900688
1362	4.2142212E-4	1.26426636E-4
1364	0.00256676	7.70028E-4
1364	0.00603064	0.001809192
1366	0.01586158	0.004758474
1366	0.00470988	0.001412964
1368	4.27229726E-4	1.281689178E-4
1368	0.00918302	0.002754906
1370	0.00880922	0.002642766
1370	0.00132076	3.96228E-4
1372	0.00615524	0.001846572
1372	0.00879676	0.002639028
1374	0.00226772	6.80316E-4
1374	0.00924532	0.002773596
1376	0.0096565	0.00289695
1376	0.00133322	3.99966E-4
1378	0.0090335	0.00271005
1378	0.00183162	5.49486E-4
1380	0.00307762	9.23286E-4
1380	0.00225526	6.76578E-4
1382	0.0140175	0.00420525
1382	0.00945714	0.002837142
1384	0.0090335	0.00271005
1384	0.00240478	7.21434E-4
1386	0.0047971	0.00143913
1386	0.0084728	0.00254184
1388	0.01469034	0.004407102
1388	0.00153258	4.59774E-4
1390	0.0085351	0.00256053
1390	0.001029151144	3.087453432E-4
1392	0.00266644	7.99932E-4
1392	0.00514598	0.001543794
1394	0.0079744	0.00239232
1394	0	0
1396	0.00650412	0.001951236
1396	0.00234248	7.02744E-4
1398	0.001212305668	3.636917004E-4
1398	0.0071022	0.00213066
1400	0.00251692	7.55076E-4
1400	0.00895874	0.002687622
