w	cs	acs
682	328.22453	144.4187932
684	324.94185	142.974414
686	320.0286	140.812584
688	325.78126	143.3437544
690	289.60648	127.4268512
692	290.87977	127.9870988
694	300.81928	132.3604832
696	290.21864	127.6962016
698	296.21976	130.3366944
700	290.45116	127.7985104
702	253.17671	111.3977524
704	270.01812	118.8079728
706	275.45559	121.2004596
708	244.91398	107.7621512
710	252.73584	111.2037696
712	250.58431	110.2570964
714	235.05664	103.4249216
716	201.91695	88.843458
718	213.04124	93.7381456
720	212.9357	93.691708
722	186.99538	82.2779672
724	186.37858	82.0065752
726	220.27335	96.920274
728	211.03566	92.8556904
730	203.38566	89.4896904
732	188.43164	82.9099216
734	181.47249	79.8478956
736	200.88721	88.3903724
738	232.58773	102.3386012
740	245.72117	108.1173148
742	249.40109	109.7364796
744	274.60448	120.8259712
746	240.81631	105.9591764
748	250.43656	110.1920864
750	273.44266	120.3147704
754	291.43312	128.2305728
756	316.51601	139.2670444
760	299.89126	131.9521544
762	258.34847	113.6733268
764	237.80567	104.6344948
766	280.63116	123.4777104
768	218.08576	95.9577344
770	180.91659	79.6032996
772	175.60301	77.2653244
774	142.90063	62.8762772
776	130.92352	57.6063488
778	103.9712	45.747328
780	87.86009	38.6584396
782	98.18508	43.2014352
784	81.53078	35.8735432
786	74.87321	32.9442124
788	76.65678	33.7289832
790	50.44072	22.1939168
790	71.23222	31.3421768
792	69.94678	30.7765832
794	52.4412	23.074128
796	51.51361	22.6659884
798	44.41861	19.5441884
800	29.84539	13.1319716
802	27.48944	12.0953536
804	27.33328	12.0266432
806	21.93985	9.653534
808	18.47644	8.1296336
810	17.66951	7.7745844
812	10.17785	4.478254
814	10.09299	4.4409156
816	7.69647	3.3864468
818	9.57587	4.2133828
820	6.53142	2.8738248
822	6.25221	2.7509724
824	6.21278	2.7336232
826	5.00528	2.2023232
828	5.92338	2.6062872
830	6.65137	2.9266028
832	4.99501	2.1978044
834	5.10698	2.2470712
836	4.83541	2.1275804
838	5.19058	2.2838552
840	4.39081	1.9319564
842	4.29291	1.8888804
844	4.11909	1.8123996
846	5.36303	2.3597332
848	4.70755	2.071322
850	4.74908	2.0895952
852	4.51296	1.9857024
854	5.08583	2.2377652
856	5.72567	2.5192948
858	5.08181	2.2359964
860	6.01484	2.6465296
862	5.85216	2.5749504
864	6.40865	2.819806
866	7.22904	3.1807776
868	5.97686	2.6298184
870	5.95754	2.6213176
872	6.17274	2.7160056
874	6.38104	2.8076576
876	6.60622	2.9067368
878	6.54169	2.8783436
880	6.70308	2.9493552
882	6.87634	3.0255896
884	7.09757	3.1229308
886	7.10312	3.1253728
888	7.19984	3.1679296
890	7.03134	3.0937896
892	7.88097	3.4676268
894	7.30392	3.2137248
896	8.02426	3.5306744
898	7.33374	3.2268456
900	7.87886	3.4666984
902	7.65409	3.3677996
904	7.83126	3.4457544
906	7.59606	3.3422664
908	7.96247	3.5034868
910	7.78734	3.4264296
912	7.77248	3.4198912
914	7.77214	3.4197416
916	7.64194	3.3624536
918	7.30367	3.2136148
920	7.68156	3.3798864
922	7.2976	3.210944
924	7.61966	3.3526504
926	7.81924	3.4404656
928	7.94792	3.4970848
930	8.1217	3.573548
932	8.8368	3.888192
934	8.75015	3.850066
936	9.19117	4.0441148
938	9.67249	4.2558956
940	9.34922	4.1136568
942	9.93086	4.3695784
944	10.52882	4.6326808
946	10.31618	4.5391192
948	10.81949	4.7605756
950	11.41242	5.0214648
952	11.23025	4.94131
954	12.06681	5.3093964
956	11.99468	5.2776592
958	12.24875	5.38945
960	12.69716	5.5867504
962	13.14313	5.7829772
964	13.03713	5.7363372
966	13.60576	5.9865344
968	13.5454	5.959976
970	14.46738	6.3656472
972	14.89202	6.5524888
974	14.65388	6.4477072
976	15.36224	6.7593856
978	15.60103	6.8644532
980	15.63591	6.8798004
982	15.93645	7.012038
984	17.36424	7.6402656
986	17.48435	7.693114
988	17.83993	7.8495692
990	19.33062	8.5054728
992	19.10025	8.40411
994	20.11062	8.8486728
996	20.75548	9.1324112
998	21.50788	9.4634672
1000	22.80067	10.0322948
1002	24.48933	10.7753052
1004	25.51275	11.22561
1006	27.04826	11.9012344
1008	30.19752	13.2869088
1010	32.63582	14.3597608
1012	33.71198	14.8332712
1014	38.29765	16.850966
1016	39.78252	17.5043088
1018	39.69292	17.4648848
1020	46.90905	20.639982
1022	51.81525	22.79871
1024	51.88604	22.8298576
1026	57.06173	25.1071612
1028	60.41348	26.5819312
1030	64.9378	28.572632
1032	68.67644	30.2176336
1034	72.07538	31.7131672
1036	74.12121	32.6133324
1038	78.82285	34.682054
1040	80.68042	35.4993848
1042	85.91176	37.8011744
1044	87.39133	38.4521852
1046	90.1037	39.645628
1048	91.83445	40.407158
1050	94.76131	41.6949764
1052	92.75934	40.8141096
1054	91.08797	40.0787068
1056	85.51402	37.6261688
1058	84.85209	37.3349196
1060	83.99052	36.9558288
1062	77.40548	34.0584112
1064	76.41396	33.6221424
1066	78.56132	34.5669808
1068	73.10997	32.1683868
1070	71.04626	31.2603544
1072	68.17308	29.9961552
1074	66.8192	29.400448
1076	60.24313	26.5069772
1078	67.18009	29.5592396
1080	59.73921	26.2852524
1082	59.04382	25.9792808
1084	60.31804	26.5399376
1086	59.08637	25.9980028
1088	56.84173	25.0103612
1090	61.68938	27.1433272
1092	55.91817	24.6039948
1094	49.80465	21.914046
1096	55.27976	24.3230944
1098	63.11369	27.7700236
1114	63.84664	28.0925216
1116	70.8756	31.185264
1118	69.91823	30.7640212
1120	67.51312	29.7057728
1122	69.27531	30.4811364
1124	63.82044	28.0809936
1126	63.55334	27.9634696
1128	66.17132	29.1153808
1130	61.81157	27.1970908
1132	59.0287	25.972628
1134	56.51892	24.8683248
1136	56.06294	24.6676936
1138	53.78775	23.66661
1140	46.91388	20.6421072
1142	42.81519	18.8386836
1144	39.73076	17.4815344
1146	35.06912	15.4304128
1148	32.51141	14.3050204
1150	29.0517	12.782748
1152	26.59596	11.7022224
1154	23.18289	10.2004716
1156	21.34443	9.3915492
1158	20.67889	9.0987116
1160	18.60612	8.1866928
1162	17.50951	7.7041844
1164	16.41583	7.2229652
1166	15.53203	6.8340932
1168	13.78048	6.0634112
1170	13.01894	5.7283336
1172	13.11915	5.772426
1174	11.74569	5.1681036
1176	10.17085	4.475174
1178	8.51603	3.7470532
1180	7.34958	3.2338152
1182	6.27237	2.7598428
1184	5.60538	2.4663672
1186	4.3793	1.926892
1188	3.83518	1.6874792
1190	3.09477	1.3616988
1192	3.05203	1.3428932
1194	2.0842	0.917048
1196	1.98862	0.8749928
1198	1.85373	0.8156412
1200	1.74576	0.7681344
1202	1.3676	0.601744
1204	1.21395	0.534138
1206	0.85684	0.3770096
1208	0.80638	0.3548072
1210	0.70712	0.3111328
1212	0.67525	0.29711
1214	0.61459	0.2704196
1216	0.37248	0.1638912
1218	0.32155	0.141482
1220	0.29309	0.1289596
1222	0.25667	0.1129348
1224	0.23432	0.1031008
1226	0.20797	0.0915068
1228	0.18106	0.0796664
1230	0.08262	0.0363528
1232	0.07169	0.0315436
1234	0.06396	0.0281424
1236	0.05769	0.0253836
1238	0.05243	0.0230692
1240	0.04896	0.0215424
1242	0.04336	0.0190784
1244	0.03946	0.0173624
1246	0.03629	0.0159676
1248	0.0343	0.015092
1250	0.03092	0.0136048
1252	0.02439	0.0107316
1254	0.02635	0.011594
1256	0.02345	0.010318
1258	0.02151	0.0094644
1260	0.01781	0.0078364
1262	0.0171	0.007524
1264	0.01538	0.0067672
